  -0.340  -0.340  -0.487  -0.458  -0.570  -0.312
  -0.354  -0.289  -0.269  -0.274  -0.250  -0.287
  -0.262  -0.224  -0.160  -0.140  -0.164  -0.211
  -0.145  -0.126  -0.124  -0.126  -0.143  -0.118
  -0.100  -0.044  -0.069  -0.073  -0.095  -0.052
  -0.020  -0.004  -0.005   0.003   0.032   0.029
   0.039   0.117   0.054   0.079   0.118   0.126
   0.153   0.244   0.207   0.219   0.208   0.249
   0.310   0.428   0.370   0.390   0.413   0.423
   0.476   0.684   0.614   0.641   0.683   0.703
   0.740   1.029   0.950   0.994   1.034   1.049
   1.080   1.382   1.308   1.357   1.395   1.396
   1.419   1.610   1.585   1.616   1.617   1.626
   1.630   1.527   1.586   1.562   1.461   1.482
   1.426   1.282   1.346   1.305   1.281   1.259
   1.158   0.942   1.020   1.002   0.955   0.956
   1.029   0.634   0.707   0.657   0.626   0.634
   0.812   0.366   0.482   0.411   0.396   0.357
   0.581   0.091   0.222   0.145   0.102   0.090
   0.343  -0.197  -0.053  -0.150  -0.197  -0.202
   0.118  -0.438  -0.289  -0.397  -0.432  -0.442
  -0.098  -0.579  -0.469  -0.567  -0.586  -0.584
  -0.270  -0.599  -0.541  -0.611  -0.600  -0.600
  -0.358  -0.550  -0.529  -0.562  -0.546  -0.546
