 -0.1430000    
 -0.1430000    
 -0.1430000    
 -0.1430000    
 -0.1430000    
 -0.1430000    
 -0.1430000    
 -0.1430000    
 -0.1430000    
 -0.1430000    
 -0.1430000    
 -0.1430000    
 -0.1430000    
 -0.1430000    
 -0.1430000    
 -0.1430000    
 -0.1430000    
 -0.1430000    
 -0.1430000    
 -0.1430000    
 -0.1430000    
 -0.1430000    
 -0.1430000    
 -0.1430000    
 -0.1430000    
 -0.1430000    
 -0.1430000    
 -0.1430000    
 -0.1430000    
 -0.1430000    
 -0.1430000    
 -0.1430000    
 -0.1430000    
 -0.1430000    
 -0.1430000    
 -0.1430000    
 -0.1430000    
 -0.1430000    
 -0.1430000    
 -0.1430000    
 -0.1430000    
 -0.1430000    
 -0.1430000    
 -0.1430000    
 -0.1432368    
 -0.1434737    
 -0.1437105    
 -0.1439474    
 -0.1441842    
 -0.1444211    
 -0.1446579    
 -0.1448947    
 -0.1451316    
 -0.1453684    
 -0.1456053    
 -0.1458421    
 -0.1460789    
 -0.1463158    
 -0.1465526    
 -0.1467895    
 -0.1470263    
 -0.1472632    
 -0.1475000    
 -0.1477368    
 -0.1479737    
 -0.1482105    
 -0.1484474    
 -0.1486842    
 -0.1489211    
 -0.1491579    
 -0.1493947    
 -0.1496316    
 -0.1498684    
 -0.1501053    
 -0.1503421    
 -0.1505789    
 -0.1508158    
 -0.1510526    
 -0.1512895    
 -0.1515263    
 -0.1517632    
 -0.1520000    
 -0.1520000    
 -0.1526341    
 -0.1532683    
 -0.1539024    
 -0.1545366    
 -0.1551707    
 -0.1558049    
 -0.1564390    
 -0.1570732    
 -0.1577073    
 -0.1583415    
 -0.1589756    
 -0.1596097    
 -0.1602439    
 -0.1608780    
 -0.1615122    
 -0.1621463    
 -0.1627805    
 -0.1634146    
 -0.1640488    
 -0.1646829    
 -0.1653171    
 -0.1659512    
 -0.1665854    
 -0.1672195    
 -0.1678537    
 -0.1684878    
 -0.1691220    
 -0.1697561    
 -0.1703902    
 -0.1710244    
 -0.1716585    
 -0.1722927    
 -0.1729268    
 -0.1735610    
 -0.1741951    
 -0.1748293    
 -0.1754634    
 -0.1760976    
 -0.1767317    
 -0.1773659    
 -0.1780000    
 -0.1780000    
 -0.1781707    
 -0.1783415    
 -0.1785122    
 -0.1786829    
 -0.1788537    
 -0.1790244    
 -0.1791951    
 -0.1793659    
 -0.1795366    
 -0.1797073    
 -0.1798781    
 -0.1800488    
 -0.1802195    
 -0.1803903    
 -0.1805610    
 -0.1807317    
 -0.1809024    
 -0.1810732    
 -0.1812439    
 -0.1814146    
 -0.1815854    
 -0.1817561    
 -0.1819268    
 -0.1820976    
 -0.1822683    
 -0.1824390    
 -0.1826098    
 -0.1827805    
 -0.1829512    
 -0.1831219    
 -0.1832927    
 -0.1834634    
 -0.1836341    
 -0.1838049    
 -0.1839756    
 -0.1841463    
 -0.1843171    
 -0.1844878    
 -0.1846585    
 -0.1848293    
 -0.1850000    
 -0.1850000    
 -0.1852051    
 -0.1854103    
 -0.1856154    
 -0.1858205    
 -0.1860256    
 -0.1862308    
 -0.1864359    
 -0.1866410    
 -0.1868462    
 -0.1870513    
 -0.1872564    
 -0.1874615    
 -0.1876667    
 -0.1878718    
 -0.1880769    
 -0.1882821    
 -0.1884872    
 -0.1886923    
 -0.1888974    
 -0.1891026    
 -0.1893077    
 -0.1895128    
 -0.1897179    
 -0.1899231    
 -0.1901282    
 -0.1903333    
 -0.1905385    
 -0.1907436    
 -0.1909487    
 -0.1911539    
 -0.1913590    
 -0.1915641    
 -0.1917692    
 -0.1919744    
 -0.1921795    
 -0.1923846    
 -0.1925897    
 -0.1927949    
 -0.1930000    
 -0.1930000    
 -0.1930000    
 -0.1930000    
 -0.1930000    
 -0.1930000    
 -0.1930000    
 -0.1930000    
 -0.1930000    
 -0.1930000    
 -0.1930000    
 -0.1930000    
 -0.1930000    
 -0.1930000    
 -0.1930000    
 -0.1930000    
 -0.1930000    
 -0.1930000    
 -0.1930000    
 -0.1930000    
 -0.1930000    
 -0.1930000    
 -0.1930000    
 -0.1930000    
 -0.1930000    
 -0.1930000    
 -0.1930000    
 -0.1930000    
 -0.1930000    
 -0.1930000    
 -0.1930000    
 -0.1930000    
 -0.1930000    
 -0.1930000    
 -0.1930000    
 -0.1930000    
 -0.1930000    
 -0.1930000    
 -0.1930000    
 -0.1930000    
 -0.1930000    
 -0.1930000    
 -0.1930000    
 -0.1930000    
 -0.1930000    
 -0.1930000    
 -0.1930000    
 -0.1930000    
 -0.1930000    
 -0.1930000    
 -0.1930000    
 -0.1930000    
 -0.1930000    
 -0.1930000    
 -0.1930000    
 -0.1930000    
 -0.1930000    
 -0.1930000    
 -0.1930000    
 -0.1930000    
 -0.1930000    
 -0.1930000    
