   0.028   0.099   0.110   0.006   0.065   0.018   0.007   0.042
   0.027   0.074   0.074   0.005   0.058   0.016   0.006   0.048
   0.022   0.036   0.050   0.004   0.057   0.013   0.007   0.040
   0.020   0.031   0.024   0.003   0.053   0.011   0.006   0.047
   0.018   0.018   0.012   0.002   0.046   0.009   0.006   0.044
   0.015   0.009   0.006   0.002   0.035   0.007   0.006   0.032
   0.012   0.011   0.005   0.001   0.024   0.006   0.006   0.025
   0.011   0.020   0.008   0.002   0.016   0.005   0.009   0.072
   0.014   0.025   0.014   0.004   0.012   0.004   0.010   0.088
   0.025   0.049   0.018   0.007   0.022   0.003   0.022   0.118
   0.073   0.110   0.029   0.011   0.036   0.002   0.051   0.338
   0.218   0.220   0.025   0.010   0.032   0.002   0.050   0.521
   0.431   0.251   0.011   0.007   0.024   0.001   0.028   0.487
   0.529   0.223   0.008   0.007   0.020   0.001   0.021   0.465
   0.431   0.183   0.008   0.007   0.021   0.002   0.020   0.399
   0.380   0.129   0.013   0.009   0.024   0.002   0.045   0.256
   0.337   0.127   0.045   0.011   0.042   0.002   0.088   0.272
   0.480   0.259   0.116   0.019   0.120   0.002   0.232   0.488
   0.692   0.366   0.241   0.039   0.339   0.002   0.678   0.532
   0.777   0.428   0.470   0.087   0.689   0.003   1.112   0.590
   0.808   0.474   0.699   0.151   0.917   0.003   1.366   0.623
   0.807   0.496   0.797   0.196   0.976   0.003   1.501   0.615
   0.763   0.406   0.677   0.194   0.868   0.003   1.362   0.562
   0.683   0.349   0.495   0.170   0.685   0.003   1.069   0.416
