 147.901 152.285  53.521 279.051  71.137 300.717  62.633 125.637
 147.133 176.621 301.267 239.504  92.303 344.804  62.633 305.637
 149.112 314.397 339.347 347.983 352.380 317.877 242.633 305.637
 324.228 328.844 354.835 318.766 236.814  82.974 242.633 125.637
 319.247 329.222 359.388   5.197 317.980 307.976 242.633 305.637
 327.104 331.028 331.140   2.802 296.996 214.746 242.633 305.637
 329.027 331.549 350.768   8.993 322.039 310.448 242.633 305.637
 329.557 331.726 330.807   4.554 309.014 330.049 242.633 305.637
 329.091 331.781 338.050   5.626 315.559 298.341 242.633 305.637
 328.872 332.168 329.479 359.231 309.015 299.984 242.633 305.637
 329.041 332.215 330.599   0.613 309.067 295.121 242.633 305.637
 328.873 332.423 334.316   6.405 310.968 299.060 242.633 305.637
 328.676 332.797 341.130  21.183 316.206 326.293 242.633 305.637
 328.415 333.311 101.067  87.420  91.932  75.024 242.633 305.637
 327.695 328.305 124.228 124.911 113.670  90.678  62.633 125.637
 142.603 155.070 137.637 148.184 116.322 102.312  62.633 125.637
 148.518 155.688 150.295 168.594 121.681 111.717  62.633 125.637
 148.148 155.588 151.268 173.634 119.407 114.852  62.633 125.637
 148.177 155.374 149.250 174.377 118.089 121.280  62.633 125.637
 148.193 155.182 146.412 174.308 116.706 122.215  62.633 125.637
 148.218 155.054 144.015 174.252 116.103 125.035  62.633 125.637
 148.199 154.671 142.484 178.055 114.856 135.216  62.633 125.637
 148.226 154.984 143.546 188.834 114.726 165.453  62.633 125.637
 148.187 155.073 145.669 203.577 114.449 206.223  62.633 125.637
