   0.083  -0.132   0.136  -0.260   0.054   0.040  -0.023   0.004   0.048   0.017  -0.073   0.043   0.016   0.008   0.143  -0.102
   0.103  -0.160   0.001  -0.015  -0.015   0.009  -0.027  -0.016   0.094  -0.004  -0.010   0.036   0.006   0.003  -0.146   0.104
   0.054  -0.090  -0.014   0.014  -0.035   0.092  -0.004   0.021  -0.006   0.048  -0.037   0.041  -0.078  -0.040  -0.120   0.086
  -0.045   0.063  -0.042   0.070  -0.003   0.030  -0.018   0.020  -0.017  -0.011   0.017   0.002  -0.118  -0.061   0.007  -0.005
  -0.022   0.025  -0.061   0.103  -0.001   0.073   0.002   0.026  -0.047   0.052  -0.021   0.016  -0.140  -0.072  -0.091   0.065
  -0.062   0.095  -0.070   0.127  -0.036   0.065   0.003   0.057  -0.060   0.030  -0.005  -0.008  -0.061  -0.032  -0.124   0.089
  -0.098   0.163  -0.099   0.182  -0.015   0.090   0.011   0.070  -0.061   0.078  -0.033   0.028  -0.152  -0.079  -0.102   0.073
  -0.105   0.178  -0.144   0.268  -0.059   0.105   0.007   0.091  -0.089   0.072  -0.017   0.030  -0.203  -0.105  -0.148   0.106
  -0.128   0.214  -0.160   0.299  -0.059   0.146   0.012   0.125  -0.110   0.112  -0.056   0.030  -0.214  -0.111  -0.189   0.135
  -0.173   0.287  -0.213   0.404  -0.100   0.170  -0.002   0.167  -0.147   0.119  -0.064   0.037  -0.290  -0.150  -0.246   0.177
  -0.236   0.393  -0.287   0.546  -0.123   0.217   0.002   0.196  -0.178   0.144  -0.079   0.037  -0.387  -0.200  -0.324   0.232
  -0.313   0.519  -0.321   0.615  -0.108   0.224   0.022   0.197  -0.169   0.147  -0.070   0.039  -0.409  -0.212  -0.363   0.260
  -0.354   0.582  -0.298   0.579  -0.060   0.175   0.057   0.148  -0.106   0.110  -0.025   0.037  -0.345  -0.179  -0.334   0.239
  -0.320   0.521  -0.182   0.363   0.085  -0.017   0.127   0.006   0.091  -0.003   0.083   0.022  -0.057  -0.029  -0.166   0.119
  -0.123   0.195  -0.039   0.062   0.113  -0.077   0.114  -0.080   0.125  -0.055   0.113  -0.001   0.212   0.110   0.009  -0.007
   0.065  -0.086   0.088  -0.189   0.135  -0.148   0.074  -0.119   0.159  -0.079   0.085  -0.018   0.330   0.171   0.184  -0.132
   0.267  -0.436   0.215  -0.477   0.151  -0.264   0.030  -0.149   0.214  -0.132   0.073  -0.029   0.393   0.204   0.348  -0.250
   0.389  -0.625   0.316  -0.695   0.193  -0.352   0.021  -0.189   0.317  -0.179   0.083  -0.038   0.443   0.230   0.421  -0.302
   0.407  -0.655   0.353  -0.771   0.222  -0.374   0.020  -0.201   0.381  -0.203   0.082  -0.050   0.482   0.249   0.415  -0.298
   0.399  -0.644   0.372  -0.805   0.267  -0.402   0.021  -0.208   0.440  -0.221   0.080  -0.050   0.485   0.251   0.409  -0.293
   0.403  -0.650   0.375  -0.805   0.283  -0.390   0.019  -0.191   0.459  -0.225   0.070  -0.049   0.467   0.242   0.396  -0.284
   0.385  -0.621   0.361  -0.762   0.255  -0.332   0.005  -0.151   0.420  -0.195   0.038  -0.038   0.409   0.212   0.366  -0.262
   0.369  -0.595   0.305  -0.653   0.174  -0.236  -0.016  -0.102   0.317  -0.146   0.008  -0.031   0.294   0.152   0.315  -0.226
   0.339  -0.547   0.240  -0.515   0.102  -0.150  -0.028  -0.064   0.222  -0.101  -0.012  -0.023   0.197   0.102   0.251  -0.180
